00011010000010001100110000101000
01111111111111111111111111111111
01111111111111111111111111111111
01111111111111111111111111111111
01100010110000110000011101111110
01111111111111111111111111111111
01111111111111111111111111111111
00011011000101001100100001100111
01111111111111111111111111111111
01111111111111111111111111111111
01000111001100000110000101111100
01111111111111111111111111111111
01001011001000111111111110011110
01111111111111111111111111111111
01111111111111111111111111111111
01001100010110100110001001100000
01111111111111111111111111111111
01111111111111111111111111111111
01111111111111111111111111111111
00001111111111001011110011100101
01111111111111111111111111111111
00111011111011100000000101000100
01101100101010101101101100000000
01111111111111111111111111111111
00100110010101000001000100111110
00101011110011011011111011101101
01001100010100011000001010111110
00101111010000101010010011101000
01111111111111111111111111111111
01111111111111111111111111111111
00111010011010101010010000111000
01111111111111111111111111111111
01111111111111111111111111111111
00101001001101000010011100001100
01111111111111111111111111111111
01111111111111111111111111111111
01111111111111111111111111111111
00001110101110011110110010001001
01111111111111111111111111111111
01001110111001011110111011110100
01110111000011100010111111010010
01010010010000110011110100111101
00101000001111110100100110100100
01100000001010100101110100100101
01110101011000100111111101110001
01111111111111111111111111111111
01111111111111111111111111111111
01111111111111111111111111111111
01111111111111111111111111111111
01011101011111111001011111111001
01111111111111111111111111111111
01111111111111111111111111111111
00011100001000011101001001111011
01111111111111111111111111111111
01011011011011010000000101101101
01111111111111111111111111111111
01111111111111111111111111111111
00101010111111110010110001101111
00011101111101000110011110000010
00001100010111010111000111011011
01111111111111111111111111111111
01111111111111111111111111111111
01111111111111111111111111111111
01111111111111111111111111111111
00111000110110001111000001101010
01111111111111111111111111111111
01011010111000011110110100000001
01111111111111111111111111111111
01101010000101011111110110110111
00100111000011001000010001010001
01100101100110101111011011001100
01111111111111111111111111111111
01111111111111111111111111111111
00100010001110000010110000001101
01111111111111111111111111111111
01111011111110111100000101100000
01110010111111101100100100110010
00001011111000101000101110101010
00111110110101100101001001100011
00100100010111100010100001010011
01010011101100010001110110000001
00100010111000001011011011110010
00111110000001000011101010100000
01111111111111111111111111111111
01111111111111111111111111111111
00000100110111010100011011001000
00001001110001110100001011111011
01111111111111111111111111111111
01110000010011110111111110100001
01111111111111111111111111111111
01111111111111111111111111111111
00111110110101000001100011011101
01111111111111111111111111111111
00100001001110011110011100111001
01101011001001000000011101011001
00111001111001100010101011110100
01111111111111111111111111111111
01111111111111111111111111111111
01111111111111111111111111111111
01110111000000110111100011011101
01111111111111111111111111111111
00000110000010101101110100101010
01111111111111111111111111111111
01110110101010100101010001111110
00000101001000011100100000100111
00111001101111010001001111111110
01111111111111111111111111111111
01111111111111111111111111111111
01101000011111000011111101100101
00001101101011111100010101101000
00000111111111011010001011011010
00111001001110011001110111010010
01111111111111111111111111111111
01111111111111111111111111111111
01111111111111111111111111111111
01111000111001111010100000100001
01101001101111111111001101011111
01100010111011101111010000110110
00100010100001110100000110110010
01111111111111111111111111111111
01000011100000111000001100110100
01111111111111111111111111111111
00011101111111001011011001010100
01111111111111111111111111111111
01111111111111111111111111111111
00111000011000111011001011101110
01111111111111111111111111111111
01011001111101000000010101101011
01001110011001101001011001111111
01111111111111111111111111111111
01111111111111111111111111111111
01111111111111111111111111111111
01001001011100101101001000000111
01111111111111111111111111111111
00010001001111011111110101100000
00110100111010000111110100000100
01001111001010100000111010100011
01111111111111111111111111111111
01111111111111111111111111111111
00100101011011001010000000111101
01111111111111111111111111111111
01111111111111111111111111111111
00111100101000110101010000011001
00001101101000011101100111010011
01111111111111111111111111111111
01001011111100001101011100010010
01111111111111111111111111111111
01100011010111111101111100111001
01111010010001101111101001111010
00001110001100011100101011010110
00100000111001000100101001000000
01111111111111111111111111111111
01111111111111111111111111111111
01011000000011001100100010111100
01111111111111111111111111111111
01111111111111111111111111111111
01111111111111111111111111111111
01111111111111111111111111111111
01111111111111111111111111111111
01111111111111111111111111111111
01111111111111111111111111111111
01101010101101110000101001110111
00000000011011100000110000100110
01111011101001011001110001111111
00111101110101011100101111011100
01010001010100000000101010101111
01111111111111111111111111111111
01111111111111111111111111111111
01000001100010110111100101001011
00111001101000011111000001101011
01111111111111111111111111111111
00110110011001000101110010001100
01110111100101100111010001010111
01111111111111111111111111111111
01111010001011000000000111000100
00111010110100011110101110111001
01111111111111111111111111111111
01011101101001001111001110000111
01100101111110011010101111000000
01111111111111111111111111111111
01111111111111111111111111111111
01010110110110001000110100101100
00101111110010111010111000000000
00011101100001010101101001000101
00011111011101010100000011001100
01111111111111111111111111111111
01111111111111111111111111111111
00100111010010110100001011010110
01111111111111111111111111111111
01000010001110010000011110100111
01111111111111111111111111111111
01010000100001100110000010010101
01111001011000110101011011110011
00100010011101000111100110001010
01111111111111111111111111111111
01111111111111111111111111111111
01000110100001101111110101000011
01111111111111111111111111111111
01111111111111111111111111111111
01111111111111111111111111111111
01111111111111111111111111111111
01111111111111111111111111111111
01111111111111111111111111111111
01111111111111111111111111111111
01111111111111111111111111111111
01110001110010000110001101011111
01111111111111111111111111111111
01000011100100111000100110100001
01011000001010010110110111111110
01111111111111111111111111111111
00101101100110111100010000011100
00101001110010101101111011001110
01111111111111111111111111111111
01111111111111111111111111111111
01000111011010000101110000101010
01111111111111111111111111111111
00011110010001101001100011100110
00011110101111011001011111111100
01111111111111111111111111111111
01111111111111111111111111111111
00001110111010100001110000001110
01111111111111111111111111111111
01110101000010011011010010111111
01111111111111111111111111111111
01111111111111111111111111111111
01111111111111111111111111111111
01111111111111111111111111111111
01000100110101110011110001000101
01001001011101110011001011000100
00100100110111101000010100011101
01111111111111111111111111111111
01111111111111111111111111111111
01111111111111111111111111111111
01111111111111111111111111111111
00010110011101010110100011111110
01111111111111111111111111111111
00011100010000111101000100100101
00101010110101011111011110101000
00110001001010110001110000111100
01111001011010010111001100110000
01111111111111111111111111111111
01111111111111111111111111111111
01111111111111111111111111111111
00100110111100101001111100100000
00110110110111001110000011000100
01111111111111111111111111111111
01111111111111111111111111111111
01111111111111111111111111111111
01111111111111111111111111111111
00000111000010001101010001010100
01111111111111111111111111111111
01001010110000110010011000000101
01000000001101010001101111000010
00011101011100111010010111111111
01111111111111111111111111111111
01101100000101111001010001000110
00110110101001011001110011010110
00001111011001101110010110111001
01000100100000001000000001011000
01111111111111111111111111111111
01111111111111111111111111111111
01111111111111111111111111111111
00000000101010100001000110111010
01111111111111111111111111111111
01101100000011101101000011110111
00010001000000011000101000000100
01111111111111111111111111111111
01111111111111111111111111111111
01101001100100001000100000101011
01111111111111111111111111111111
01111111111111111111111111111111
01111111111111111111111111111111
01101000101100111110010011100011
01111111111111111111111111111111
01100001011101011011010111110100
01101001010101010001110101000110
01001100110111110100110000110010
01111111111111111111111111111111
00101110010110010001101101001001
00001000101100000001001010001111
01111110010010000100000100110010
01111111111111111111111111111111
01111111111111111111111111111111
01111111111111111111111111111111
01111111111111111111111111111111
00100000110010010010100110000001
01011110011101011011001000100010
01011111000010101010001000010101
00010011001100100010101010111110
01001110011100101100111101100110
00110111110101111100001111100111
01111111111111111111111111111111
01111111111111111111111111111111
01111111111111111111111111111111
00101011110000010111111111110101
01111111111111111111111111111111
01111111111111111111111111111111
00100000110111000110000111101011
01111111111111111111111111111111
01111111111111111111111111111111
01111111111111111111111111111111
01111111111111111111111111111111
01111111111111111111111111111111
01111111111111111111111111111111
00100101010001001111001001001100
01111111111111111111111111111111
01011100000101000110010011101100
01111111111111111111111111111111
01111111111111111111111111111111
00000110101001100001110011100100
00101001000111010010111001110101
01100010110100001001111101011100
00001100011100101111111100111100
00111010010010011001100011011011
00100000100010000100110010110100
01111111111111111111111111111111
01111111111111111111111111111111
01111111111111111111111111111111
01111111111111111111111111111111
00011001010010110010000000111111
01111111111111111111111111111111
00111100100001110111011111100111
01111111111110111100100100011001
01111111111111111111111111111111
01100010110011000111001011111001
01111111111111111111111111111111
01001110101111100011011110011000
00000010111010000011100011111101
01010000001101101010011111010010
01111111111111111111111111111111
01111111111111111111111111111111
01111111111111111111111111111111
00101101111101111001000001111000
01111111111111111111111111111111
01100010111111110101110000001001
01111111111111111111111111111111
00101101101101111110000010001111
01111111111111111111111111111111
00000000000111011011111101000111
01111111111111111111111111111111
00111111100111100001010110001001
01111111100101110001001110000001
01010100101001101111000000110100
01111111111111111111111111111111
01111111111111111111111111111111
01000000000101111100101101111110
01111111111111111111111111111111
01111111111111111111111111111111
01111111111111111111111111111111
01011100010100110111011101011010
00111100010011010000111101110101
01111111111111111111111111111111
01111111111111111111111111111111
01111111111111111111111111111111
01111111111111111111111111111111
00101000110110111100101011010100
01001000111011000001101000111011
01010011101010101010111000101001
00111001001110001100011001100000
00011110101111111101000011101010
00000000011110101011100000001111
00111110001000001110001111101011
01111111111111111111111111111111
01111111111111111111111111111111
01111111111111111111111111111111
01111111111111111111111111111111
00001010110010111000100100000010
01111111111111111111111111111111
01111111111111111111111111111111
00111000101010101011111100001000
01111111111111111111111111111111
00000101000001001110111001011101
00011101011010111101011000111110
01110011010110000001100010111111
00000000100110001100000111101100
01111111111111111111111111111111
01111111111111111111111111111111
01100100010100011001000000010100
01000110011011100110011011111011
01111111111111111111111111111111
01101011101011100000011110011000
01010100000100101110110111001010
01100111101110010010111110000011
01111111111111111111111111111111
01111111111111111111111111111111
01111111111111111111111111111111
00110101010101100010100101010000
01111111111111111111111111111111
01001001001100111110010000010000
01010101000101101110011011110011
01111111111111111111111111111111
00001110011110111011111001000100
01111111111111111111111111111111
01111111111111111111111111111111
00010011110000110001110010101001
01111111111111111111111111111111
01110101010101111111101101101100
00100001000101011000010101100001
01111111111111111111111111111111
01111111111111111111111111111111
