436784168
3418949338
3084103291
2537939127
1656948606
2593334200
2971362176
454346855
2710064763
2959720120
1194353020
4232059096
1260650398
3968680991
2674860783
1280991840
3718949904
2270491685
3504559896
268221669
3235325715
1005453636
1823136512
3124220058
643043646
734904045
1280410302
792896744
3668554042
2262012782
980067384
2290016342
2182253879
691283724
3603117344
3669516084
4282942316
247065737
3899609531
1323691764
1997418450
1380138301
675236260
1613389093
1969389425
3056551523
2986258251
2275218027
3970203284
1568643065
3330413273
3227239726
471978619
3733185413
1533870445
3269162940
3774618614
721366127
502556546
207450587
3115821221
3097308113
2327270665
3962636858
953741418
2363434941
1524755713
3939300735
1779826103
655131729
1704654540
2697633119
4108220340
574106637
4244529804
2080096608
1929300274
199396266
1054233187
610150483
1404116353
585152242
1040464544
3516127892
2923650630
81610440
164053755
3307080917
1884258209
4071070382
4075789447
1054087389
3192365673
557442873
1797523289
971385588
3767442810
2162340922
2827482071
1996716253
3750461686
101375274
2847190146
1990874238
86100007
968692734
2224424036
3025914469
1752973157
229623144
134062810
960077266
3909256573
2415698033
2251493982
2028447777
1774187359
1659827254
579289522
3070350819
1132692276
3668296430
503101012
3372162749
3158384363
946057966
3500642540
1509164395
1315346047
4225256051
3244407531
4221399210
1232261639
4211755629
289275232
887651588
1328156323
3003947329
4038936543
627875901
3538971453
3976123700
1017336857
228710867
2934311249
1274074898
3395178445
1667227449
2051471994
238144214
551832128
2961657509
3552845396
1477232828
3443957270
3264507617
2324873875
2414244164
4244646977
3399713162
2322267845
1790380663
7212070
2074451071
1037421532
1364200111
3545298364
4198563664
1099659595
966914155
3920000564
912546956
2006348887
2646782201
2049704388
986835897
3152224365
1571091335
1710861248
2667006191
3237188911
1457032492
801877504
495278661
527777996
3247467277
3726754641
659243734
2476753544
1111033767
2998407377
1350983829
2036553459
578058634
2421850137
3365604613
1183251779
3069569140
2359890778
3981363206
3365734452
4033091937
3102487830
3445065809
4100978364
1908958047
2394188629
1133742497
1479110142
2752676408
765183004
701161166
2230598681
3166627407
1198021674
3894086201
507943142
515741692
3854292911
2740423963
250223630
3153889515
1963570367
3492081171
3996811976
2509795154
3776764269
1154956357
1232548548
618562845
3304324009
2755150347
3250364388
3238222744
376793342
2326181857
474206501
718665640
824908860
2036953904
3516032617
2389940368
3121070177
653434656
920445124
3629010444
2264418253
3168832404
2153416155
118019156
4060468698
1254303237
1077222338
494118399
2213722705
1813484614
916823254
258401721
1149272152
2888636648
3049925249
3247459767
11145658
2496067608
1812910327
285313540
4099871476
4067757241
1771079723
2294420609
3980695754
3145491464
1756620003
4071408285
1635104244
1767185734
1289702450
3208942189
777591625
145756815
2118664498
3006711124
2443607020
2669569587
2867102374
550054273
1584771618
1594532373
322054846
1316147046
936887271
3004163673
3924113291
2474381803
734101493
2948999699
4153032817
551313899
4060862834
2652903163
2939466825
3813194336
3798026056
3792037516
625275468
3947138509
1544840428
2233891607
3471924872
111549668
689778293
1657839452
208863036
977901787
545803444
3438223291
3444659366
3699278283
3673071840
424353855
2342498277
1015511015
2147207449
3169945616
1657565945
3865742100
1321088920
48773373
1345759186
2962625088
2288165529
3249958084
771199096
2176403140
1660902409
3040293708
767025295
2383820313
1949511
3937051352
1067324809
2140607361
1420226612
3814781746
2364764868
1075301246
3036934124
3032459159
4044750142
1548973914
1011683189
3699611836
4144182496
2888098551
2967579493
685492948
1223432763
1403694633
960022112
515887338
8042511
1042342891
3596123681
2454187541
2217916393
4213647878
181111042
2165834635
2695047280
950714120
2427032840
84209245
493606462
1935153343
10011116
3722768961
2400507485
1683066900
1181640443
2317110551
1806567320
1410526666
1740189571
2365934560
2447902446
4110154881
894839120
3402770809
1228137488
1427564275
2722122693
242990660
2989486142
3205660384
331553961
3677835835
1968700268
555058529
2827716060
2194388332
